8
Alabama 4849377 3741806
7
Alaska 736732 550189
8
Arizona 6731484 5109792
9
Arkansas 2966369 2259350
11
California 38802500 29649348
9
Colorado 5355866 4109494
12
Connecticut 3596677 2821247
9
Delaware 935614 731367
21
District-of-Columbia 658893 543588
8
Florida 19893297 15839713
8
Georgia 10097343 7604061
7
Hawaii 1419561 1111117
6
Idaho 1634464 1203384
9
Illinois 12880580 9892106
8
Indiana 6596855 5014928
5
Iowa 3107126 2381172
7
Kansas 2904021 2181355
9
Kentucky 4413457 3400843
10
Louisiana 4649676 3536183
6
Maine 1330089 1071112
9
Maryland 5976407 4625863
14
Massachusetts 6745408 5354940
9
Michigan 9909877 7686087
10
Minnesota 5457173 4175347
12
Mississippi 2994079 2262810
9
Missouri 6063589 4670966
8
Montana 1023579 798555
9
Nebraska 1881503 1414894
7
Nevada 2839099 2175874
14
New-Hampshire 1326813 1059672
11
New-Jersey 8938175 6926094
11
New-Mexico 2085572 1583623
9
New-York 19746227 15517321
15
North-Carolina 9943964 7656415
13
North-Dakota 739482 570955
5
Ohio 11594163 8955859
9
Oklahoma 3878051 2925352
7
Oregon 3970239 3112217
13
Pennsylvania 12787209 10086316
13
Rhode-Island 1055173 842321
15
South-Carolina 4832482 3747734
13
South-Dakota 853175 642768
10
Tennessee 6549352 5054826
6
Texas 26956958 19841344
5
Utah 2942902 2038787
8
Vermont 626562 504976
9
Virginia 8326289 6457174
11
Washington 7061530 5458809
14
West-Virginia 1850326 1470179
10
Wisconsin 5757564 4457375
8
Wyoming 584153 445830